Colonne ed esempio delle prime righe del file:
patient_id,dish_well,BLASTO NY,value_1,value_2,value_3,value_4,value_5, ..., value_672
54,D2013.02.19_S0675_I141_1,1,0.9219011068344116,0.9737839698791504,0.988824725151062,0.9723333120346068,0.943831980228424,0.8389313220977783,0.7601133584976196,0.6969982385635376,0.6721211075782776,0.6690479516983032,0.6837862730026245,...,1.8535380363464355,1.988633632659912,2.158388614654541,2.1601083278656006,2.070343494415283,2.0254571437835693,2.12968373298645,2.288733720779419,2.417374610900879,2.6714229583740234,2.849881887435913,2.890912771224976,3.161118507385254,3.020285129547119,2.751697063446045,2.530735731124878,2.237182378768921,0.0,0.0,0.0,0.0,0.0,0.0,0.0,0.0,0.0,0.0,0.0,0.0,0.0,0.0,0.0,0.0,0.0,0.0,0.0,0.0,0.0,0.0,0.0,0.0,0.0,0.0,0.0,0.0,0.0,0.0,0.0,0.0,0.0,0.0,0.0,0.0,0.0,0.0,0.0,0.0,0.0,0.0,0.0,0.0,0.0,0.0,0.0,0.0,0.0,0.0,0.0,0.0,0.0,0.0,0.0,0.0,0.0,0.0,0.0,0.0,0.0,0.0,0.0,0.0,0.0,0.0,0.0,0.0,0.0,0.0,0.0,0.0,0.0,0.0,0.0,0.0,0.0,0.0,0.0,0.0,0.0,0.0,0.0,0.0,0.0,0.0,0.0,0.0,0.0,0.0,0.0,0.0,0.0,0.0,0.0,0.0,0.0,0.0,0.0,0.0,0.0,0.0,0.0,0.0,0.0,0.0,0.0,0.0,0.0,0.0,0.0,0.0,0.0,0.0,0.0,0.0,0.0,0.0,0.0,0.0,0.0,0.0,0.0,0.0,0.0,0.0,0.0,0.0,0.0,0.0,0.0,0.0

54,D2013.02.19_S0675_I141_6,1,0.7767291069030762,0.8045848608016968,0.7939794063568115,0.8008525371551514,0.7784271836280823,0.7723311185836792,0.7935117483139038,0.7553002834320068,0.7456294298171997,0.7032393217086792,0.700776219367981,...,1.7853821516036987,1.81126868724823,1.7054967880249023,1.678327202796936,1.6454970836639404,1.561970353126526,1.5170259475708008,1.492711067199707,1.4503986835479736,1.3957719802856443,1.368946194648743,1.3956900835037231,1.5485763549804688,1.7104984521865845,1.8875248432159424,0.0,0.0,0.0,0.0,0.0,0.0,0.0,0.0,0.0,0.0,0.0,0.0,0.0,0.0,0.0,0.0,0.0,0.0,0.0,0.0,0.0,0.0,0.0,0.0,0.0,0.0,0.0,0.0,0.0,0.0,0.0,0.0,0.0,0.0,0.0,0.0,0.0,0.0,0.0,0.0,0.0,0.0,0.0,0.0,0.0,0.0,0.0,0.0,0.0,0.0,0.0,0.0,0.0,0.0,0.0,0.0,0.0,0.0,0.0,0.0,0.0,0.0,0.0,0.0,0.0,0.0,0.0,0.0,0.0,0.0,0.0,0.0,0.0,0.0,0.0,0.0,0.0,0.0,0.0,0.0,0.0,0.0,0.0,0.0,0.0,0.0,0.0,0.0,0.0,0.0,0.0,0.0,0.0,0.0,0.0,0.0,0.0,0.0,0.0,0.0,0.0,0.0,0.0,0.0,0.0,0.0,0.0,0.0,0.0,0.0,0.0,0.0,0.0,0.0,0.0,0.0,0.0,0.0,0.0,0.0,0.0,0.0,0.0,0.0,0.0,0.0,0.0,0.0,0.0,0.0,0.0,0.0


55,D2013.03.09_S0695_I141_2,1,3.2755227088928223,1.3240127563476562,1.275825023651123,1.5070674419403076,1.574000597000122,1.5431160926818848,1.4147686958312988,1.113713622093201,0.997727632522583,0.9270888566970824,0.924829125404358,...,0.6475776433944702,0.6337682008743286,0.6169585585594177,0.6215196251869202,0.6123488545417786,0.6022323966026306,0.61733478307724,0.6000176072120667,0.6147983074188232,0.6343542337417603,0.6229559183120728,0.7505342960357666,0.7294194102287292,0.732242226600647,0.0,0.0,0.0,0.0,0.0,0.0,0.0,0.0,0.0,0.0,0.0,0.0,0.0,0.0,0.0,0.0,0.0,0.0,0.0,0.0,0.0,0.0,0.0,0.0,0.0,0.0,0.0,0.0,0.0,0.0,0.0,0.0,0.0,0.0,0.0,0.0,0.0,0.0,0.0,0.0,0.0,0.0,0.0,0.0,0.0,0.0,0.0,0.0,0.0,0.0,0.0,0.0,0.0,0.0,0.0,0.0,0.0,0.0,0.0,0.0,0.0,0.0,0.0,0.0,0.0,0.0,0.0,0.0,0.0,0.0,0.0,0.0,0.0,0.0,0.0,0.0,0.0,0.0,0.0,0.0,0.0,0.0,0.0,0.0,0.0,0.0,0.0,0.0,0.0,0.0,0.0,0.0,0.0,0.0,0.0,0.0,0.0,0.0,0.0,0.0,0.0,0.0,0.0,0.0,0.0,0.0,0.0,0.0,0.0,0.0,0.0,0.0,0.0




C'è un modo per visualizzare al meglio (ad esempio con un t-sne) un file di questo tipo? Le righe sono 2462. Per favore forniscimi il codice completo e take your time.



